	
0,3,8
0,1,9
1,3,8,9
1,2,10
0,3,8;1,2,10
0,2,10,9
2,3,8,9,10
2,3,11
0,2,11,8
0,1,9;2,3,11
1,2,11,8,9
1,3,11,10
0,1,10,11,8
0,3,11,10,9
8,11,10,9
4,7,8
0,3,7,4
0,1,9;4,7,8
1,3,7,4,9
1,2,10;4,7,8
0,3,7,4;1,2,10
0,2,10,9;4,7,8
2,3,7,4,9,10
2,3,11;4,7,8
0,2,11,7,4
0,1,9;2,3,11;4,7,8
1,2,11,7,4,9
1,3,11,10;4,7,8
0,1,10,11,7,4
0,3,11,10,9;4,7,8
4,7,11,10,9
4,5,9
0,3,8;4,5,9
0,1,5,4
1,3,8,4,5
1,2,10;4,5,9
0,3,8;1,2,10;4,5,9
0,2,10,5,4
2,3,8,4,5,10
2,3,11;4,5,9
0,2,11,8;4,5,9
0,1,5,4;2,3,11
1,2,11,8,4,5
1,3,11,10;4,5,9
0,1,10,11,8;4,5,9
0,3,11,10,5,4
4,5,10,11,8
5,7,8,9
0,3,7,5,9
0,1,5,7,8
1,3,7,5
1,2,10;5,7,8,9
0,3,7,5,9;1,2,10
0,2,10,5,7,8
2,3,7,5,10
2,3,11;5,7,8,9
0,2,11,7,5,9
0,1,5,7,8;2,3,11
1,2,11,7,5
1,3,11,10;5,7,8,9
0,1,10,11,7,5,9
0,3,11,10,5,7,8
5,7,11,10
5,6,10
0,3,8;5,6,10
0,1,9;5,6,10
1,3,8,9;5,6,10
1,2,6,5
0,3,8;1,2,6,5
0,2,6,5,9
2,3,8,9,5,6
2,3,11;5,6,10
0,2,11,8;5,6,10
0,1,9;2,3,11;5,6,10
1,2,11,8,9;5,6,10
1,3,11,6,5
0,1,5,6,11,8
0,3,11,6,5,9
5,6,11,8,9
4,7,8;5,6,10
0,3,7,4;5,6,10
0,1,9;4,7,8;5,6,10
1,3,7,4,9;5,6,10
1,2,6,5;4,7,8
0,3,7,4;1,2,6,5
0,2,6,5,9;4,7,8
2,3,7,4,9,5,6
2,3,11;4,7,8;5,6,10
0,2,11,7,4;5,6,10
0,1,9;2,3,11;4,7,8;5,6,10
1,2,11,7,4,9;5,6,10
1,3,11,6,5;4,7,8
0,1,5,6,11,7,4
0,3,11,6,5,9;4,7,8
4,7,11,6,5,9
4,6,10,9
0,3,8;4,6,10,9
0,1,10,6,4
1,3,8,4,6,10
1,2,6,4,9
0,3,8;1,2,6,4,9
0,2,6,4
2,3,8,4,6
2,3,11;4,6,10,9
0,2,11,8;4,6,10,9
0,1,10,6,4;2,3,11
1,2,11,8,4,6,10
1,3,11,6,4,9
0,1,9,4,6,11,8
0,3,11,6,4
4,6,11,8
6,7,8,9,10
0,3,7,6,10,9
0,1,10,6,7,8
1,3,7,6,10
1,2,6,7,8,9
0,3,7,6,2,1,9
0,2,6,7,8
2,3,7,6
2,3,11;6,7,8,9,10
0,2,11,7,6,10,9
0,1,10,6,7,8;2,3,11
1,2,11,7,6,10
1,3,11,6,7,8,9
0,1,9;6,7,11
0,3,11,6,7,8
6,7,11
6,7,11
0,3,8;6,7,11
0,1,9;6,7,11
1,3,8,9;6,7,11
1,2,10;6,7,11
0,3,8;1,2,10;6,7,11
0,2,10,9;6,7,11
2,3,8,9,10;6,7,11
2,3,7,6
0,2,6,7,8
0,1,9;2,3,7,6
1,2,6,7,8,9
1,3,7,6,10
0,1,10,6,7,8
0,3,7,6,10,9
6,7,8,9,10
4,6,11,8
0,3,11,6,4
0,1,9;4,6,11,8
1,3,11,6,4,9
1,2,10;4,6,11,8
0,3,11,6,4;1,2,10
0,2,10,9;4,6,11,8
2,3,11,6,4,9,10
2,3,8,4,6
0,2,6,4
0,1,9;2,3,8,4,6
1,2,6,4,9
1,3,8,4,6,10
0,1,10,6,4
0,3,8,4,6,10,9
4,6,10,9
4,5,9;6,7,11
0,3,8;4,5,9;6,7,11
0,1,5,4;6,7,11
1,3,8,4,5;6,7,11
1,2,10;4,5,9;6,7,11
0,3,8;1,2,10;4,5,9;6,7,11
0,2,10,5,4;6,7,11
2,3,8,4,5,10;6,7,11
2,3,7,6;4,5,9
0,2,6,7,8;4,5,9
0,1,5,4;2,3,7,6
1,2,6,7,8,4,5
1,3,7,6,10;4,5,9
0,1,10,6,7,8;4,5,9
0,3,7,6,10,5,4
4,5,10,6,7,8
5,6,11,8,9
0,3,11,6,5,9
0,1,5,6,11,8
1,3,11,6,5
1,2,10;5,6,11,8,9
0,3,11,6,5,9;1,2,10
0,2,10,5,6,11,8
2,3,11,6,5,10
2,3,8,9,5,6
0,2,6,5,9
0,1,5,6,2,3,8
1,2,6,5
1,3,8,9,5,6,10
0,1,10,6,5,9
0,3,8;5,6,10
5,6,10
5,7,11,10
0,3,8;5,7,11,10
0,1,9;5,7,11,10
1,3,8,9;5,7,11,10
1,2,11,7,5
0,3,8;1,2,11,7,5
0,2,11,7,5,9
2,3,8,9,5,7,11
2,3,7,5,10
0,2,10,5,7,8
0,1,9;2,3,7,5,10
1,2,10,5,7,8,9
1,3,7,5
0,1,5,7,8
0,3,7,5,9
5,7,8,9
4,5,10,11,8
0,3,11,10,5,4
0,1,9;4,5,10,11,8
1,3,11,10,5,4,9
1,2,11,8,4,5
0,3,11,2,1,5,4
0,2,11,8,4,5,9
2,3,11;4,5,9
2,3,8,4,5,10
0,2,10,5,4
0,1,9;2,3,8,4,5,10
1,2,10,5,4,9
1,3,8,4,5
0,1,5,4
0,3,8,4,5,9
4,5,9
4,7,11,10,9
0,3,8;4,7,11,10,9
0,1,10,11,7,4
1,3,8,4,7,11,10
1,2,11,7,4,9
0,3,8;1,2,11,7,4,9
0,2,11,7,4
2,3,8,4,7,11
2,3,7,4,9,10
0,2,10,9,4,7,8
0,1,10,2,3,7,4
1,2,10;4,7,8
1,3,7,4,9
0,1,9,4,7,8
0,3,7,4
4,7,8
8,11,10,9
0,3,11,10,9
0,1,10,11,8
1,3,11,10
1,2,11,8,9
0,3,11,2,1,9
0,2,11,8
2,3,11
2,3,8,9,10
0,2,10,9
0,1,10,2,3,8
1,2,10
1,3,8,9
0,1,9
0,3,8
	