0 1 0.000000 0.000000 0.000000 0.200000 0.000000 0.000000 0.000000 0.200000 0.000000 0.000000 0.000000 0.200000
5 1 0.000000 0.000000 0.000000 0.000000 0.000000 0.160000 -0.000000 0.160000 0.000000 -0.160000 0.000000 0.000000
6 1 0.000000 0.000000 0.000000 0.000000 0.000000 0.210526 -0.000000 0.210526 0.000000 -0.210526 0.000000 0.000000
5 1 -5.000000 -5.000000 -5.000000 0.000000 0.000000 0.093023 -0.000000 0.093023 0.000000 -0.093023 0.000000 0.000000
5 1 -5.000000 -5.000000 5.000000 0.000000 0.000000 0.093023 -0.000000 0.093023 0.000000 -0.093023 0.000000 0.000000
5 1 -5.000000 5.000000 -5.000000 0.000000 0.000000 0.093023 -0.000000 0.093023 0.000000 -0.093023 0.000000 0.000000
5 1 -5.000000 5.000000 5.000000 0.000000 0.000000 0.093023 -0.000000 0.093023 0.000000 -0.093023 0.000000 0.000000
5 1 5.000000 -5.000000 -5.000000 0.000000 0.000000 0.093023 -0.000000 0.093023 0.000000 -0.093023 0.000000 0.000000
5 1 5.000000 -5.000000 5.000000 0.000000 0.000000 0.093023 -0.000000 0.093023 0.000000 -0.093023 0.000000 0.000000
5 1 5.000000 5.000000 -5.000000 0.000000 0.000000 0.093023 -0.000000 0.093023 0.000000 -0.093023 0.000000 0.000000
5 1 5.000000 5.000000 5.000000 0.000000 0.000000 0.093023 -0.000000 0.093023 0.000000 -0.093023 0.000000 0.000000
